112 562 186 3968 6
5 946 133 366 106
20 543 435 45 33
18 104 88 56 1553712
103473 10267 16328 216 624
364 403 1533 47100 18
11 67 8 35 50
145 54 20191 85 273
492 14 847 173 1
121 236 54 147874 1
19 8 127 56 36
0 0 0 0 21
130 25 99 205 4
1241 561 259 530 16
43 6 41 9 206
1 99 150 121 124
39 43 5 22 1
4 1 63 55 26
34 14 217 68 20
0 0 30 885 21
8 22 30 44 350
3226 63 0 0 0
0 0 0 0 0
0 0 98964 130 302
27 524 35 4 107
76 3721 139 19 1
0 0 0 0 0
237 44 154 1172 1380
5114 120 758 334 2
54 749 4307 23 27
27 27 30 15 174
783 110 1796 182 10
59 81 133 4 43
20 7549 2 1 16
33 3917 420 4 12
51069 15 81 98 19
2654 20 9 25 397
4 2473 80 21 3294
0 0 0 0 0
6534 542 76 50 1155
351 64 261 813 13
33 1 66 10 106
26 0 0 0 0
10 871 57 94 74
14 24 109 10 17
360 843 7 66 1752
0 0 0 0 18802
18 2249 73 45 75
180 48 12 509 281
16 18 469 0 0
0 0 0 0 216
130 355 17 3668 3264
907 81 119 4 41
54 56 3 37 15
2 111 4 3686 1692
477 18 203 2 29
11 9 52 39 5
46 23 37 12 5559
47 475 5840 2841 2208
105 7 0 0 0
0 0 0 0 0
0 0 0 0 0
0 0 0 22049 73
854 40 336 1 5
110 187 1 34 70
69419 167 2 75 83
4 328 38244 148 1425
2320 195 21 27 24
1877 12 17 2 76
45 10 2 3 10768
10 9 11 3651 13
0 0 0 0 0
0 0 0 0 0
0 0 0 0 0
0 3440 665 9580 543
30 326 1253 76 498
1293 21 202 591 15
76 68 6 34 184
4263 313 553 2 256
2 1 6 2 117
10 1180 647 1190 6
57 0 0 0 518843
630 28925 203 104 201
95 101 12 16 90
6 51 4 16 38
30 49 591 691 2564
15756 5 99 2371 117
4 37 3 5 9
2516 9 6 363 184
71 1 57133 55711 261
137 137 40 6 3032
166 48 43 270 98
4675 182 10 8 27
4034 243 70 600 992
33 1 24 3 24
21 77 5 293 84
59 41 61 0 0
36 63 6 1135 2003
2926 19 59 0 0
0 0 0 0 0
0 0 0 0 0
72 969 50 94 380
398 168 42 26 42
212 426 3 714 42
270 84 196 30 109
274 4089 295 2613 81
33 897 11 2 38
120 4 332 9 1
1089 26 99 354 11849
2526 405 2085 61 104
312 27 6 9 38
9 6 249 13 2115
14 27 4692 6770 12
483 2793 243 612 24
20 63 4 16 126
3 16 2 23 0
0 0 294 2 396
117 58 225 9 1
45 14 15 807 1
1255 3 2 4 1264
69 1595 1399 119 2
2326 15 114 18 4
2 904 312 563 22
601 153 1030 69 36
23 79 166 456065 50
108 189 67 97 7
31 216 3 28 22
47 91 29 897 16
1106 243 1937 121 21
7 10000 19 43 655
0 0 0 0 0
0 0 0 0 0
2736 1705 108 11 128
189 236 29 57 13
61 390 36 14 7
30 1 42 25870 6
194 42 186 8 11
1 58 168 15 88
44 8 105 0 0
0 0 113 111927 1740
4376 761 1007 65 33
10 68 282 23 142
3 0 0 0 0
0 0 651023 24 595
400 1 16 81 5
9 6 10 119 17
2 0 0 0 0
0 1843 83 11 14
77 0 0 0 0
0 0 0 0 0
0 0 0 0 0
32490 7290 804 18 21
30 13 102 10 6
55 33 22 6 5
99 46 450 28 305
2930 42 131 175 684
410 158 24 3138 9
3 164 185 71 86
43 100 22532 17 5
146 67 105 22 810
1 38 50 13 24
1675 423 7 118 0
0 0 927 7174 3187
132 531 279 152 898
5 86 172 186 249
132 106 10 15 175
123 20 671 58 69
8 17 0 0 0
0 0 0 0 0
0 0 0 0 0
0 0 0 0 0
0 0 0 0 0
0 0 0 0 0
0 0 0 0 0
0 0 1672286 93 19
0 0 0 0 0
0 0 0 0 0
0 0 0 0 0
0 0 310 408 466
26 20658 18 34 55
5613 183 5 197 6
2 60 0 0 0
0 34 38204 838 845
2 147 168 7 104
52 6 1988 2 1
51 6 1 0 0
0 4005 17160 227117 959
70 0 926 39 671
3 0 0 0 0
0 0 0 0 0
0 7 42 24 533
7 1253 13 1 0
0 0 0 0 0
0 0 0 0 0
185 2020 17 2 2733
6 3308 39 214 0
0 0 0 0 0
0 0 0 0 0
192 789 181 153 93
4 66 223 37 20
3956 39 0 0 0
0 0 0 0 13439
16 38 6 32 14
16 0 0 0 0
0 0 0 0 0
0 0 0 0 4698
2114 10686 6321 19 20
49 13086 33 1117 10
541 239 50 270 13
6 2 33 1692 71
27 9 60 1 295
161 350 51 17 0
0 0 0 0 0
0 0 0 4007 4393
602 31475 1129 1106 65
392 333 112 38 1844
260 1796 2482 3288 609
39 469 33 70 21
301 3 1 82 28
75 18 39 42 8
12 12 4 2 4
1 1 2 14220 646
24 4 285 484 102
85 380 2 4 1
791 1 0 0 0
0 0 0 31 23
43 3774 67 8007 14
94 39 217 43 4
24129 6 11 1 3
310 3 8 7757 316
13 244 20 16 21
3 84 1 2068 114
23 215 18 14 900
84 93 2779 104651 4861
4185 55 53 93866 6
39 6 39 10557 6
18 110 137 368 78
46 2413 308 122 3
2 135 55 18 71
395 12 4 12 0
0 0 0 0 0
0 3601 55 17 4
1952 73 34 11 126
71 552 23 44 16
54 21 49 69 3730
0 538575 5650 9723 3
83 9606 4 266 17
13 21 39 3359 50
13 3829 5304 5 9
77 561 24 188 107
879 467 5 24 713
28 2246 1 4266 3
28 8 13 90 156
932019 16581 1678 3148 19
13550 23 222 7203 12
2 772 4 12 1677
7 89 507 8 19704
1874 181 25 2043 513
814 84 25 93 1130
12 27 47 6 41
13 165 12 20 56
4058 350 5 2 1143
14 6 250 0 0
0 0 0 0 0
0 0 0 0 41
16 1222 9 25 455
2 6 3 59 8
6 1 13 28 0
0 0 0 117 7473
5954 3331 195 678 47
0 0 0 0 0
0 0 0 0 0
0 0 768 20 9
78 0 0 0 0
0 0 0 0 0
0 0 0 0 0
0 0 482 19494 1831
17 1 40 8 84
100 62 24 5 17
78 204 0 0 0
0 0 5903 5890 33
146 2 27 2 57
2086 64 1722 21 3528
398 16 40 1 46
9 1620 20 9 36
14 8 7 4 6
3 1008 370 19 59
76 2 0 0 0
0 151 910 398 333
2 18 13 7 5
3 19 82 18 1229
9 370 25 0 541
544 241 72 24832 199
427 1 652 9 266
2757 1007 35 348 6
37 14 12 67 106
28 4850 3338 13 25
65 49 0 0 0
0 0 0 0 0
0 0 0 566 12605
4 112 106 103 11121
0 0 0 0 0
0 0 0 0 0
0 0 11935 184325 740
606 105 15248 22054 24
250 942 7 175 3786
26 26 75 36 322
25 99 266 351 9582
208 9 241 30 48
4419 3 0 0 0
0 0 0 0 0
0 6 4 2 40
0 0 0 0 0
0 0 0 0 0
0 0 0 0 0
10559 15728 814 384 56
1670 185 25 31 375
104 13 73 24 8
5793 2 143 128 148
22036 2905 286 409 1
113 7 183572 14 13
352 12 31 170 25
55 2 0 1978 26
475 1177 548 340 2072
14 12050 3 199 23
29 17 774 56219 75
108 70 43 51 1329
2016 49 11 21 1239
15 1389 55 161827 54
9 45 28 18 43
2 13 0 49 23
5 863 11 9 2050
10 375 22 230 200
9 438 28 54 350379
91 2192 619 92 13
20 8 1947 3 0
0 0 0 0 0
0 0 0 0 0
0 0 5145115 19 124
4191 13214 15 2244 314
74 15 75 32 3
142 79 110 27 18
2 93 112 6313 302
474 2984 40 47 3
2 13 24 60 43
24 152 0 0 0
0 64 1365 14318 516
4 384 24 241 634
212 284 9 239 33
96 60 120 55 149
12124 249 103 71 21
93 250 919 152 10
115 5 4 4 37
42 109 32 26 23
506 591 194 23 739
354 92 14 2218 6
15 73 9 101 2
369 107 37 33 19117
16562 78 12 0 0
0 0 0 0 0
0 0 0 0 0
0 0 0 0 22
15340 14 14 32 11657
16863 238 361 17 0
0 0 0 0 0
0 0 0 0 6764
1269 30 65 350 10
1 17 4518 52 203
6 11 4 101 4
1308 17 90 70 716
19 36 42 4020 99
5 20 39 436 147
7 21 14 4422 0
0 21872 343 41 3260
894 82 33 18 108
309 19 516 82 0
0 0 0 0 0
3 42 59 25 19
13 73 0 0 0
0 0 0 0 0
0 0 0 0 0
20 17813 55 2 21
99 13 19 199 9
0 0 0 0 0
0 0 0 0 0
7467 138 45 241 150
134017 19 0 0 0
0 0 0 0 0
0 0 0 0 140
70 46 110 72 10
370 0 0 0 0
0 0 0 0 0
0 0 0 0 2677621
430 139 26 4 253
354 120 48 96 20585
50 35 3500 1541 318
12 0 32869 24 601
45 119 99 21 28
82 19 23 38 20
20 233 18 1 0
0 0 170 33 95
20 2120 145 118 34
310 5 8 79 32
200 1467 215158 11 9
1860 8 52813 75 15
25 3 6 99 10
833 17 1 9 5
6 1 31 5 76
27 0 0 0 0
0 0 0 0 0
0 0 0 0 0
0 0 0 0 0
0 271042 3380 94 142
9770 180 42 602 213
13 27 510 258 244
150 7 1 18 32
48 29828 31402 481 1056
61 2782 324 57 235
801 403 154 44 13
31 76 299 2 67
1 244 433 3793 6189
912 125 68 27 6
6 15 291 235 1254
2956 9 49 31 0
0 0 0 0 0
0 0 0 0 0
0 0 0 0 0
0 0 0 0 240
690 22 5 10 526
25 9 83 16 213
23 16 24 26 36
57 28 12 3 581
8139 163 36 36 9
24 98 104 5 2
20 79 26 159 1
8 25 963 285 134
262 59 33 24 609
350 54 101 533 1
0 0 0 0 0
0 0 0 0 90
3 18 8 108 0
0 0 0 0 0
0 0 0 0 0
0 0 0 795 4542
58 199 0 0 0
0 0 0 0 0
0 0 0 0 0
0 0 0 6832 24629
21883 8 25 22 261
3 415 3 36 86
13 2913 50 36 25
98 3 83 4287 3420
153120 205 3351 37 78
99 646 2 19 13
118 338 209 46 731
450 118 1517 97702 88
1097 5 78 98 1
203 82 15 52 83
9 8 68 1 1744
0 77 239 32 7
527 187 2 46 95
2 65 4 8 3
10 0 0 0 9359
222 375 33 997 488
24 18145 3 4 9203
73 69 9 573 46
0 0 0 0 670
381 76 802 7 59
12 128 0 0 0
0 0 0 0 0
0 0 0 226 198
857 27 257 8 14
3 2 54 2 37
23 50 0 0 0
0 0 258 25 497
6703 5 559 87 700
171 9 12 423 20
5 127 6830 142 22789
4 14 54 5 208
77 106 405 26 19
38 21 603 46 1158
38 1160 18 130 25
72 6371 3854 441 4331
22 20 6 5 157
8 17 47 90 17
315 44 20 15 309
413 18 44 46 66
55 227 43 15 18
99 255 135 150 1891
2 0 0 391 23
10 26 22 58 229
1539 27 7 74 347
565 49 0 0 0
0 0 0 1223 11
233 8 39 48 7
0 0 0 0 0
0 0 0 0 0
0 0 0 169 58
51 66 47 465 75
41 796 63 4 22
77 28 12 13 26
29 32 50 8464 314
316 690 430 124 69
153 4 272 50 27
20 27 257 687 7
143 2 54 31 4678
2224 5482 2859 20 243
21 75 6 47 15
3626 36122 3 7 7
7152 2781 58 6 851
8 748 54 100 3
207 718 4 6 15
12 784 39 33 55
96 26 2 5 6
11 0 0 0 0
0 0 0 0 0
0 0 0 0 0
0 3749 975 22 656
118 13 26 24 50
1 74 22 55 60
67 54 2 15 2014
163 155 66 3 6
238 10 618 120 63
3 191 0 0 0
0 0 0 0 12762
3116 2512 11 255 7
20 8 12 79 89
1209 32 1 13 20
21 584 275312 3017 7141
3565 141 1756 15 161
40 771 8 79 1269
19 196 68 14 4
1 100 6 59 1
1803 19 159 39 2601
0 0 0 0 0
0 0 0 0 0
0 0 17321 92 253
229 38 299 3 79
8 9 17 5763 384
2 13 237 3 832
82 243 3 6 30
5 4 1 12 27
13 0 0 0 0
0 0 0 0 1045
74 9 4 124 12187
117 10 3005 20 121
3376 13 41 16414 2
19 13 7 0 11
356 20 54 266 40
211736 632 47 23 13
11 120 5 1 15
14 16 627 36129 786
359 63 4 79 442
89 1863 74 30 28
0 0 0 0 111
730 7 15 124 16
10 41 9 244 42
109 1 13173 3 3
145 34 128 282 159
1 29 21 0 0
0 0 0 0 0
0 0 0 0 0
0 0 0 3680 62
4256 13 3 23 1
768 64 13 32 1155
622 0 0 0 0
0 0 0 0 0
0 0 0 0 0
0 0 0 0 0
0 0 0 0 0
0 0 0 186 66
559 186 1151 9 29
4 7 615 104 106173
75 62 32 9 24
780 20 7 1401 14257
39 860 11 3 16
46 14 4 10 267
4218 116 3377 728 0
0 0 0 240 508
123 692 24 17 133
439 196 20 13 3
29 12 7 269 47
21 362 182 56 50
107 49 42 25069 3
58 54 15 14 1
93 64 19 353 29
0 94067 2905 6421 80
28176 34 129 63 1
1512 827 16 205 142
5116 45 5 626 274
34 90 43 166 638
3 2 18 1 236
57 190 20 207 31
17 8 28 9 2439
45 119 10 9 168
2 0 0 0 0
0 0 0 0 0
0 0 0 0 289
3 1269 7 22 0
0 0 0 0 0
0 0 0 0 0
0 0 0 15260 2124
19 349 522 44 151
23 363 1 3 2187
22 183 37 6 18
33 0 0 0 0
0 0 0 0 0
0 0 0 0 0
0 0 0 0 0
0 0 0 0 0
0 0 0 0 0
0 0 0 0 0
0 0 0 0 0
0 523 681 4206 613
172 8 71 35 296
28 82 39 30 14
611 2958 1 7 594
471 6056 221 7 786
56 42 93 43 141
28 0 0 0 0
0 0 0 0 87902
229 71 3 108 19
31345 21 2 1 219
23 5 71 0 0
0 0 0 0 182
164 11 3416 214 56
53 1 2 7 6
597 47 987 0 0
0 0 0 488 9
7 1 548 7 158
722 410 23 23 25
277 0 0 0 0
0 4758 28290 3299 4
15314 85 523 24 33
10 170 72 407 96
43 139 128 9 3
19478 583 32 731 66
469 756 1678 121 1047
25 40 8 105 48
22 19 2 23 40
0 0 0 0 0
0 0 0 0 0
0 0 0 0 0
0 0 0 0 0
376 7 1 163 14
3784 8 760 159 0
0 0 0 0 0
0 0 0 0 0
12766 5815 3467 93 827
237 45 66 1900 188
26 72 5 255 49
332 16 5 1 38
330 1654 783 49 33
105 42 31 33 21
83 271 375 84 27
17 2 0 122 57
24 48 23 0 14307
22 5 66 0 0
0 0 0 0 0
0 0 0 2807 71985
1077 6 14 30 99
12 47 5 145 28
515 511 7 4 14
3671 0 79375 23 22
111 24617 452 6761 7
15 3 10 4 2
23 5322 5 73 24
101 43 3580 1417 165
233 776 29 30 58
20 195 118 114 860
1142 5 23 452 14
373 25 2818 284 393
57 65 1698 3 20
92 8 11 4 3
383 526 40 0 0
0 0 8075 2248 3
587 371 4671 897 313
32 379 17 120 2190
56 1956 6 101 2
4030 200 13530 95 1
60 86 8 182 56
190 42 260 20 17
32 9 0 0 0
0 453 772 4298 99
8 11 1021 53 84
193 29 169 51 330
134 398 40 9663 406
1298 3727 30 4 96
6 33 19 55 16
4 515 265 53 200
0 0 0 2 19
62 4 88 157 0
0 0 0 0 0
0 0 0 0 0
0 0 0 110 65
42 24 1 10855 40
0 0 0 0 0
0 0 0 0 0
0 0 0 18308 440
2271 430 11 0 0
0 0 0 0 0
0 0 0 0 0
0 0 554 45 18
372 68 63 56 17
684 270 12 2 38
22 17 74 14 136815
3993 64 43 469 15
8 33 32 2 2
0 0 0 0 0
0 0 0 0 0
0 1902 16 10 16
2 213 4 0 0
0 0 0 0 0
0 0 0 0 0
0 576 73 328 81035
9656 163 18 9737 32
448 6 440 7 2
437 2643 26 5 670
140 27788 35997 220070 2786
330 201 205 18 25
145 173 376 103 19
26 5 137 22 0
0 0 0 0 0
0 0 0 0 0
0 0 0 0 0
0 0 0 0 86640
1063 475 2560 7 766
11644 3 12 92 75
43 15 23 16 7112
7294 56 105 38 21
1 28 0 0 0
0 0 0 0 0
0 0 0 0 0
0 363689 3201 305 351
241 43 4 24 1724
2 10 64 53 102
2287086 759 286 8 23
2 0 0 0 0
0 0 0 0 0
0 0 0 0 0
0 0 0 0 0
22 807 192 28 47
26 192 454 28 10
1 333 67 26 117
0 0 0 0 92
31 4 602 57 0
0 0 0 0 0
0 0 0 0 0
0 0 0 0 3183
28 9 12 11 232
718 9 28 22 0
0 0 0 0 0
0 0 0 0 0
0 0 0 0 0
0 0 0 0 0
0 0 0 0 0
0 0 0 0 1589
98 18 14 7 778
410 4 0 0 0
0 0 0 0 0
0 0 0 0 23427
159 14 778 68 80
203 206 280 87 10
1 67 156 124363 4
52 62 30 62 15781
531 76 1860 1370 239
119 938 8 299 923
68 10 215 12 82
9066 3 33 41 829
132 25 114 239 13
2 8 461 21 6
82 0 0 0 0
0 0 0 0 200
24 225 4 21 41
30 18 2149 31 1
0 0 0 0 0
0 0 0 0 17
293 70 2 8 87467
10 64 3 23 8
19618 102 47 12 0
0 0 0 16890 6
60 4624 2 789 20
20 8 40 2 40
0 0 0 0 0
0 453 3931 7899 6
349 267 117 208 33
120 417 1597 89 141
68 23 157 122 284
86 98247 11470 3481 39
755 86 17 74 105
686 121 54 72 20
2 68 47 12 103
0 1476 87 1216 42
32 304 12 15640 94
22 18 6 62 29
3 6 0 0 0
21139 22 222 0 0
0 0 0 0 0
0 0 0 0 0
0 0 0 0 262
1626 37 145 9 9
66 10119 14 1 3
22 32 1 10 10
7 8 19 412 18
121 23 45 5 131
1294 109 19 4 19
56 93 44 0 0
0 0 8 18 36
26 8 5 29 7
361 1456 311 44 713
222 1 121 285 76
416 36 23 32 5
30 33 69 60 83
8072 2 25 246 4
60 15 350 740 95
53951 1917 796 210 16
114 548 42 35 208
7 43 33 93 12609
32 53 0 4377 489029
60 318 415 22 65
48421 234 358 22 46
147 120 450 100 76
39 942 12 0 0
0 0 0 0 0
0 0 0 0 0
0 0 0 0 0
0 0 0 133 22
5134 25100 482 31 2
28 17 8 372 56
86 3 140 82 359
37 90 3438 78 140
221 46 11 40 2653
13 63 0 0 0
0 0 0 0 0
0 0 0 0 0
0 0 0 0 0
0 0 0 0 0
0 0 0 0 0
0 32 31 1690 179
18680 1674 12 128 51
84 227 23 37 360
138 8 136 68 5
20 4863 11 4 2
11 45 55 40 918
69 276 72 0 0
0 0 0 0 0
0 0 0 0 0
0 0 0 0 0
0 0 0 0 0
0 0 0 0 0
0 0 0 0 0
0 0 0 0 0
0 0 0 0 0
0 0 0 0 0
0 124276 27 25 1245
627 0 0 0 0
0 0 0 0 0
0 0 0 0 0
0 243 21 133 109
7 38 25 205 10
16 395 207 2 0
0 0 0 0 0
0 30407 116 5186 51
77 17923 25 17 4
4 27 10 63 15
16 31 111 143 0
1657 535 491 21 770
219 16 34 95 92
1 15 3506181 5 3
54 223 51 53 222
1331 746 151 9 1138
25 12064 323 27 4
8 7 16 25 20
4 1111 951 3631 951
1138 326 85 1934 102
394 264 91 35 31
295 294 27 1 200
132 91 839 1272 753
785 21 56 147 3
8 136 2 4 194
189 2825 0 0 0
0 0 10496 33 9
151 1341 27 1 24
26 74 3 18 43
332 1295 103 222 1210
131 178 2 133 53
6 17 107 371 266
0 0 0 0 0
0 0 0 0 0
70314 152 6 199 1170
273 5615 16 3 32
31 951 86 12 11
86 268 9 223 435593
1392 183 43 91 146
1579 41 19 64 28
1 115 112 76 241
36 24 4715 31 83
219 132 3 138 29
4 19949 35 6 9
3 5 81 1027 64
21060 245 24 2434 3
0 0 0 0 0
0 0 0 0 0
0 0 0 12 23
21 33 16 1 1
1 97 74 3 0
0 0 0 0 0
0 0 0 955 165
71 35 72 17 16
57 18 16 3 3
14 420 138 12 4
32 264 99 249 348
358 539 18 10 1729
6 15 1 2 0
0 0 0 0 19905
43787 1313 19 50 61
137 31 417 241 387
36 5 683 84 9867
96 56 1 29 478
203 285 40 214 9
9 10 3249 21 2
23 0 0 0 0
0 244 551 29 23
36 75 26 8 5
7 2 14 280 13
15 9 11 6430 7
2150 1747 2702 628 35
1582 35 8 63 1
11 344 2452 44 5812
906 12 402 3 11
84301 1917 2053 275 1246
96 24 80 1 19
60 11 1 7 11
3374 15 66 0 0
0 0 0 0 0
0 0 0 0 0
0 0 0 0 0
0 0 0 5281 810
130 1108 1448 2082 231
200 16 34 623 3632
29 1 62 81 76
37 0 0 0 0
0 0 0 0 0
0 0 0 0 0
0 0 0 0 0
0 1786 393 370 727
1 135 111 0 0
0 0 0 0 0
0 0 0 0 0
564 76 6 985 167
11 148 0 0 0
0 0 0 0 0
0 0 0 0 0
4748 29808 789 681 50
1293 56 2 41 18
120 21 7 23 256
2 26 66 6 387
3389 12752 4 6 7
3938 9 5 50 0
0 0 0 0 0
0 0 0 0 0
225 41 48 4 866
154 0 0 0 0
0 0 0 0 0
0 0 0 0 0
2963 3115 4613 105 88
3526 1818 1091 9 4385
167 82 10 27 12
29 8 39 5 113
359 189 81 8 3
110 1 7280 5 126
226 21 14 5489 12
112 167 8 3 402
10939 33 550 956 572
162 30 231 301 283
326 315 29 13 395
20 712 21 25 57
45 2 6 188 29
17 15 56 54 5
173 0 0 0 0
5 409 34 2 119
3944 0 0 0 0
0 0 0 0 0
0 0 0 0 88778
35 1421 127 575 5
44 242 362 9 649
69 73 0 0 0
0 0 0 837 246
33 58 231 60 97
2 65 10 19 971
250 147 2 5 2915
0 0 0 83848 128
157997 88 102 273 913
5961 23 213 5 2207
1 17 178 2 801
5 400 21236 25149 11330
836 345 186 1470 33
398 37 313 1 32
22 14 6 10 0
0 1 1582 11 232
3 554 2 11 0
0 0 0 0 0
0 0 0 0 0
0 128433 76 76 65
204 28 3 2524 33
122 3 83 12 0
0 0 0 0 0
115 70 52 42 15
110 207 0 0 0
0 0 0 0 0
0 0 0 0 0
63 124 3 78 17
3 36 12 940 1727
268 87 10 0 0
0 0 0 0 0
655 264 17139 0 0
0 0 0 0 0
0 0 0 0 0
0 0 0 0 0
694 60081 20804 86 62803
754 1456 7982 2958 17
1195 182 14 175 9
790 12 339 37 4
67 228 165 73 6
36 2591 86 17 46
24 2 44 0 0
0 9699 66 291 6
483 52 12 95 30
7 2 5 0 0
0 0 0 0 0
0 6245 643 1497 6124
67 141 257 34 302
86 194 50 15 8
101 7 41 31 39
256 154 100 11 2668
41 0 0 0 0
0 0 0 0 0
0 0 0 0 0
350193 2044 12 188 56
2 25 2313 160 99
59 77 1 19 17
33 125 29 0 49
39 570 29 49 965
89 749 13 197 17
749 12 1937 1 41
770 9 1 1 1595
5028 4099 332 10 5
37 24 31 35 11
58 30 1821 89 262
57 78 369 17 16
58 56 114 1 37
36 78 245 11626 332
22 53 40 116 0
3899 6782 449 192 27
227 208 24 53 407
1 5 7 12 185
111 87 31 3 1
16 10 10 2 39
31 4 0 0 0
0 0 0 0 0
0 0 0 134 71
176 9 224 114 24
37 24 46 4 11802
456 95 265 241 74
3 504 14534 887 52
191 17 1112 307 29
15 0 0 0 0
0 0 0 0 0
0 0 202906 1018 75169
82115 136 324 1395 4650
67 131 268 11 71
10 15 129 26 252
211 24 395 158 94
9 154 7 0 0
0 0 0 0 0
0 0 0 0 0
0 3310 3227 1480 113
363 174 349 3747 405
1633 237 38 26644 189
412 11 151 232 953
16 130 747 31 493
166 390 52 174 150
23 18 252 42 3
60 2 5 32 39
323 22773 737 431 41
60 383 1029 31 141
129 57 327 13 9
157 122 3 5 13
747 22 1001 44 54
11 70 28 2255 0
0 0 0 0 0
0 0 0 0 0
8517 326 19 436 8
993 560 1 56 0
0 0 0 0 0
0 0 0 0 98
3322 133 436 5 12
502 0 0 0 0
0 0 0 0 0
0 0 0 0 355
10 57 205 124 47
11 36 82 1389 305
1 0 5 82 470
26 13 540 22 956
1991 95 4 97 31
7 6 1 116 72
1 36 53 21 26
60 62 185 2537 291
9 22 16 0 0
0 0 0 0 0
0 0 0 0 0
0 0 0 642 177
189 21 357 15 313
3 26 1 61 5
153 131 26 22 46
14 140 0 690 22
50 56 78 10 0
0 0 0 0 0
0 0 0 0 0
0 0 0 476 19
301 14 1147 91 31
774 617 223 1 108
149 7 791 19 155
426 204 0 3848 23865
39 144 313 5839 140
59 38 2 220 0
0 0 0 0 0
0 0 4 2688 24
5 18 305 19 35
17 521 44 7 5
14 3 5 4 650
66 64 80 10 495
26 117920 11 33 113
5468 168 407042 129 18
18 0 0 0 0
1165 8 233 59 44
0 94 0 0 0
0 0 0 0 0
0 0 0 0 23
12 315 31 52 70
27 1347 78 8 14
41 13 2197 11208 30
2 44 0 74 64268
2960 26 645 27 1024
22 11 2635 6281 8
156 57 922 33 30
3 246 314 10323 44460
36 15 70 11 10
14 15 8 21 68
2112 28 491 1 70
24378 1 153947 486 159
447 132 2338 43 6
4 246 101206 13 112
18 202 391 152907 15
11 10 4309 2167 10
1348 4 122 12 1
4 55718 116 30 1
1 53 85 1128 220
4 143 3080 374 200
20 3 4 1683 0
0 0 0 0 0
0 0 0 0 0
0 5333 1143 150 23016
166 667 1152 368 11
2 18 1024 16 84
0 0 0 0 8939
47 81 3 12 1687
7 9 71 67 11
55 5 1356 55 258
31 1468 0 0 0
0 0 0 0 0
0 0 0 0 0
0 0 0 0 0
0 0 0 4553 5
332 116 1054 8 8
3878 39 4951 175 180
43 169 20309 28 13
1 9 3939 1831 17
60 6215 724 0 0
0 0 0 0 0
0 0 0 0 0
0 0 91658 108568 64
968 13 207 757 767
41 19 55 43 397
18 2 1 44 225
14 10 0 0 0
0 0 0 0 0
0 0 0 0 0
0 0 0 0 0
0 0 54 42200 117
57 5 1 1 763
121 0 0 0 0
0 0 0 0 0
0 124085 383143 1182 9
7 2370 11 53 405
1023 417 176 589 147
212 57 191 7 86
24 71 1360 114 57
19 41 13 24 241
10 41 187 10 0
0 0 0 0 0
1572 2872 3261 2236 556
969 47 1487 2703 882
395 368 210 145 6
133 7 57 11 265
3571 324 1735 156 12
51 11 12 30 99
423 9 161 242 96
4 2 2 7135 49149
43 587 7250 95 43
150 38 174 28 1
17 38 94 5775 26
2 4 5 0 234
53416 263 186 4149 870
283 148 3 37 5565
46260 125 156 52 68
35 5 3713 39 24259
153 17 47 20 10
393 3 0 0 0
0 0 0 0 0
0 0 0 1561 16
347 87 6 367 2
11 50 115 22 171
5304 16 159 33 108
3 114 58 43 10
237 37 1037 106 26
28 35 20631 61 32
7 21 8 77 534
277 340982 2095 3674 41
508 159 88423 179 21
19 18 65 25 264
6 2411 225 122 1
290 10425 16 443 1057
17 4985 452 726 66
9671 9 6 20 63
10 5 29 66 175
19019 1427 18 82 24
560 0 0 0 0
0 0 0 0 0
0 0 0 0 0
10053 565 480 2 5
1120 300 2 4259 651
497 142 1 0 0
0 0 0 0 0
8 25 23 717 0
0 0 0 0 0
0 0 0 0 0
0 0 0 0 0
428 264 4260 2336 361
243 38 14 22 505
7 211 300 1784 1
154 16 804 1117 4
202 76 1779 759 5
65 1175 52 24 338
185 455 8 144 41
34 3 151 286 84
183 1834 40565 4814 768
1182 4686 2558 41 10
25 17 409 283 425
70 11 52 995 36
164558 616 8303 2089 4586
3099 847 63 503 1150
7715 493 14 6 17
36 123 294 4 145
0 0 0 0 0
0 0 0 0 0
0 0 0 0 0
0 0 0 0 0
24190 927 15658 819 58
2599 64 307 11212 2
65 409 90 1260 714
2 13 445 2 778
3656 333 87 178 1
5 8 5 0 0
0 0 0 0 0
0 0 0 0 0
0 0 0 0 0
0 0 0 0 0
0 0 0 0 0
0 0 0 0 0
938 224 3256 310 316
42 1 22 331 3310
162 11 2 160 610
188 12 222 2 22
4442 1697 24231 6895 2
10 581 363 56 1675
8 57 14 29 13
31 0 0 0 60
26 1414 185 19 1023
0 0 0 0 0
0 0 0 0 0
0 0 0 0 1084
9 837 9 3 107
8 1 6 528 13
22 13 925 0 0
0 460 324 167 107
13415 13 8 1370 57
12 46 671 316 20
16626 3 117 4 1
2707 2768 120 458 690
18 13 589 315 84
67 6 11 103 146
267 7789 88 361 288
18 141 2 92 28
28 18 2 21 215
16 1 0 0 0
0 0 0 0 0
178 122 601 40 44
1240 4 233 9 5
31 27 2 44 145
70 29 145 6 18
43730 2427 10 139 64
1791 312 19 15 22
8 122 3 2 41
3103 566 1 68 66
17 1 126 6 9
339 105 6 13 32
0 0 0 0 0
0 0 0 0 1439
111 447 5214 221 57
35 189 20 33 209
173 211 51 1 76
8 183 714 46 706
23 141 58 6 50
13 257 1367 7 595
4 5 12 93 1141
19 2545 77 6 9
830 337 334 21 178
37 4057 15 1 2561
92 44 41 70 13154
53 628 2 4 2
8 456 33 9 17
119 23 13 85 0
0 0 0 0 2721
59 27 13 3 24
9 21 22 1646 4
2033 1 55 19 10
38 11 0 0 240
32 32 3287 70 1
0 0 0 0 0
0 0 0 0 0
0 0 0 0 3181
632 12 83 23 1
6 44 12 3 272
0 2 0 0 0
0 0 6 271 25
22 0 0 0 0
0 0 0 0 0
0 0 0 0 0
0 0 25925 335 139
4 2 9 37 29
0 0 0 0 0
0 0 0 0 0
0 0 17506 573 7
659 376 19 5826 56
71 1 2 26 35
469 33 8 23 53
0 0 0 0 0
0 0 0 0 0
0 0 0 0 0
0 0 0 0 0
9631 343 339 23 33
210 31 5 123 162
8 22 52 1 0
0 0 0 5513 15053
848 1 18975 88 23
454 30 6 12 38
21 1 954 173 23
1 1 0 3662 25
3 15 6 3 14
9 124 9 188 43
25 0 0 0 0
0 138806 30125 304 2197
563 59 2 0 0
0 0 0 0 0
0 0 0 0 12500
839 175 5431 107 18
1953 86 29 12 36
2 46 11 11 63
20 40 38434 805 2872
197 728 869 17 213
31 116 55 265 38
39 10 36 37 18
3939 64 144 259 94473
41 147 2 13 2
31 0 0 0 0
0 0 0 0 0
0 0 5289 11470 10468
3729 80 115 102 4
3 366 30 3 2
2 76 5 14 3
34 739 2725 2447 124
1 6 34 14 3
56 9 0 0 0
0 0 0 0 0
0 0 38 77 5
10 2009 176 525 0
0 0 0 0 0
0 0 0 0 0
0 0 254026 29935 6481
101 23 201 15 18
473 391 432 455 734
24 115 26 3 543
50 132 286 41 90
957 866 122 32 66
7 2 203 17 24
8 5 42 0 0
0 0 2110016 535 3912
3233 2439 90 55 631
3548 233 154 335 48
6 25 8 7 129
118 18 3249 181 5
55 92 1 14 1
111 12003 227 30 566
0 0 0 0 0
0 0 144 7724 5
114 17 159 195 22
388 3272 31 1 109
92 23 18 709 1
0 0 0 0 0
0 0 0 0 0
0 0 0 0 0
0 0 0 0 0
60 4479 5 28 310
69 0 0 0 0
0 0 0 0 0
0 0 0 0 0
153 1838 793 1814 109
124 7 43 57 130
123 315 77 57 84
95 142 0 0 0
284045 53 1198 1379 59
330 239 159 167 5
5688 10 23 17 5
2 385 69 0 0
0 0 0 0 0
0 0 0 0 0
0 0 0 0 0
0 0 0 1916 27198
14 111 15 22 48
6 309 2 0 0
0 0 0 0 0
0 0 0 9715 10
0 0 0 0 0
0 0 0 0 0
0 0 0 0 0
0 0 0 221 1199
36 127 96 69 20
26 743 6 152 18
154 910 17 556 17
11 11 13904 3 859
59 4 207 3 10
270892 141 60 115 0
0 0 0 0 0
0 0 67475 168 905
234 144 1434 21 115
1890 82041 1065 117 44
1504 37 14 1 311
500 1949 3715 8 13
123 186 495 1 6
45 12 9 1 42
107 58 0 0 0
0 1554 67531 918 275
3 1271 374 51 8
9 386 24 3 90
1 21 51 7 0
0 0 0 0 0
0 0 0 0 0
0 0 0 0 0
0 0 0 0 2756
997 10 47 182 326
15003 534 3307 3488 26
99 11 22 258 71
2 17 4 8 30
2479 15 552 425 33
56 74 11 105527 1
30 12 731 1 41
166 124 4 44 13514
28156 9064 50 44 30
40 774 184 16 8
5 718 35 99 21
21 44 38 1019 243
21 133 109 7 38
25 205 10 16 395
207 2 0 0 0
0 0 0 0 3
0 0 0 0 0
0 0 0 0 0
0 0 0 0 0
0 0 0 0 49806
250 659 7 40 109
66 4 6 3 2
3 1 8 434 12
0 0 0 45 21
420 33 5 868 65
66 6 0 0 0
0 0 0 0 0
0 54 1907 23 157
73 35 264753 38 104334
2 35 20 4 3
46 12 91 10 464
10 175 58 352756 29
4 7 69 304 38
0 0 0 0 0
0 0 0 0 241
75 6320 6 2129 12
24 18 1 309 11
369 5 283 40 844
604 328 103 187 170
17 18 2 45 307
130 3810 2 0 0
0 0 0 0 0
0 338 17560 5009 42
55 293 11 13 79
175 67 62 86 12
28 7 36 0 0
0 12921 1448 3062 167
27 6 6 245 61
136 23 31 11 17
7 3 1 165 0
786 140 66 24 3321
34 20 150 54 24
34 9 29 102 24
7 571 100 227 106
2807 303 58015 12 9
119 15 27 175 16
0 0 0 0 0
0 0 0 19 147
58 77 13 82 891
2 15 28 6 0
0 0 0 0 0
0 5659 1710 40 88
314 22468 238 53 14
52 3 79 3484 67
43 4 56 19 3
52 4424 293 443 18
438 13619 58 147 1
129 84 47 0 0
0 0 0 0 0
0 117667 4624 21 18
1 7 55 2 1
17 21 3 217722 3
1 0 0 0 9555
87 240 242 1 15
154 18 58 109 249
54 10 11 3 11
9 52 13 22370 1757
187 367 344 125 2
40 2 0 0 0
0 0 0 0 0
0 0
